@#0,#332,#1055,#2102,#2829,#2838,#24316,#26994,#92744,#101834,#119501,#127035,#135919,#137794,#141781,#155254,#252302,#272294,#328441,#538396,#617383,#756232,#820393,#893112,#992231,#1093804,#1111063,#1275405,#1290979,#1301742,#1449955,#1502678,#1541587,#1584303,#1632845,#1678677,#1788388,#2117373,#2168397,#2317322,#2565154,#2626257,#2678947,#2816040,#3006276,#3061610,#3407871,#3676830,#3768957,#3828686,#4119239,#4622865,#4669292,#4861064,#4956388,#4964707,#5185839,#5363076,#5434390,#5458141,#5477818,#5568086,#5737229,#5794524,#5935068,#6046266,#6051650,#6109127,#6615856,#6667073,#6950679,#7395563,#7725202,#8385005,#8840229,#9238889,#9431154,#10470991,#11334262,#12285856,#13296775,#14023980,#-1,#-2,#-3

this file was autogenerated

.Cube
  #0: 1, 2, 3, 4, 5, 6, 7, 8, 9, 10, 11, 12, 13, 14, 15, 16, 17, 18, 19, 20, 21, 22, 23, 24, 25, 26, 27, 28, 29, 30, 31, 32, 33, 34, 35, 36, 37, 38, 39, 40, 41, 42, 43, 44, 45, 46, 47, 48, 49, 50, 51, 52, 53, 54, 55, 56, 57, 58, 59, 60, 61, 62, 63, 64, 65, 66, 67, 68, 69, 70, 71, 72, 73, 74, 75, 76, 77, 78, 79, 80, 81, 82, 83, 84, 85, 86, 87, 88, 89, 90, 91, 92, 93, 94, 95, 96, 97, 98, 99, 100, 101, 102, 103, 104, 105, 106, 107, 108, 109, 110, 111, 112, 113, 114, 115, 116, 136, 137, 138, 139, 140, 141, 142, 143, 144, 145, 146, 147, 148, 149, 150, 151, 152, 153, 154, 155, 156, 157, 158, 159, 160, 161, 162, 163, 164, 165, 166, 167, 168, 169, 170, 171, 172, 173, 174, 175, 176, 177, 178, 179, 180, 181, 182, 183, 184, 185, 186, 187, 188, 189, 190, 191, 192, 193, 194, 195, 196, 197, 198, 199, 200, 201, 202, 203, 204, 205, 206, 207, 208, 209, 210, 211, 212, 213, 214, 215, 216, 217, 218, 219, 220, 221, 222, 223, 224, 225, 226, 227, 228, 229, 230, 231, 232, 233, 234, 235, 236, 237, 238, 239, 240, 241, 242, 243, 244, 245, 246, 247, 248, 482, 484
  #332: 459
  #1055: 127, 128
  #2102: 267, 275, 289, 290, 291, 292, 293, 294, 295, 296, 405, 406
  #2838: 130, 131, 132
  #92744: 270
  #119501: 135
  #141781: 125
  #252302: 133, 134, 283, 284, 285, 286, 288, 481
  #272294: 273, 470, 471, 472, 473, 474
  #538396: 282
  #617383: 279, 297, 298, 299, 300, 301, 302, 303, 304, 305, 306, 307, 308, 309, 310, 311, 312, 313, 314, 315, 316, 317, 318, 319, 320, 321, 322, 323, 324, 325, 326, 327, 328, 329, 330, 331, 332, 333, 334, 335, 336, 337, 338, 339, 340, 341, 342, 343, 344, 345, 346, 347, 348, 349, 350, 351, 352, 353, 354, 355, 356, 357, 358, 359, 360, 361, 362, 363, 364, 365, 366, 367, 368, 369, 370, 371, 372, 373, 374, 375, 376, 377, 378, 379, 380, 381, 382, 383, 384, 385, 386, 387, 388, 389, 390, 391, 392, 393, 394, 395, 396, 397, 398, 399, 400, 401, 402, 403, 404
  #893112: 249
  #1093804: 253
  #1111063: 274, 461, 462, 463, 464, 465, 466, 467, 468, 469
  #1275405: 268
  #1449955: 276
  #1502678: 119, 278, 407, 408, 409, 410, 411, 412, 413, 414, 415, 416, 417, 418, 419, 420, 421, 422, 423, 424, 425, 426, 427, 428, 429, 430, 431, 432, 433, 434, 435, 436, 437, 438, 439, 440, 441
  #1541587: 262
  #1678677: 287
  #1788388: 251, 252
  #2317322: 281
  #2626257: 129
  #2678947: 121, 271, 272
  #2816040: 483
  #3061610: 117
  #3407871: 123
  #4622865: 124
  #4861064: 475, 476
  #4964707: 122
  #5363076: 120
  #5434390: 259
  #5458141: 126
  #5477818: 118
  #5568086: 266
  #5737229: 442, 443, 444, 445, 446, 447, 448, 449, 450, 451, 452
  #6046266: 477, 478, 479
  #6615856: 263
  #6950679: 269
  #8840229: 480
  #9238889: 260, 261
  #9431154: 280
  #11334262: 250
  #12285856: 254, 255, 256, 257, 258
  #13296775: 264, 265
  #14023980: 277, 453, 454, 455, 456, 457, 458, 460

.Spider
  #0: 1, 2, 3, 4, 5, 6, 7, 8, 9, 10, 17
  #328441: 15
  #617383: 24, 25, 26, 27, 28, 29, 30, 31, 32, 33, 34, 35, 36, 37, 38, 39, 40, 41, 42, 43, 44, 45, 46, 47, 48, 49, 50, 51, 52, 53, 54, 55, 56, 57
  #1111063: 58, 59, 60, 61, 62, 63, 64, 65
  #1502678: 66, 67, 68
  #1788388: 18, 19
  #2168397: 11
  #3006276: 16
  #4956388: 14
  #5935068: 23
  #7725202: 12, 13
  #8840229: 69
  #12285856: 20, 21, 22

.Ship
  #-3: 48
  #-2: 39
  #0: 1, 2, 3, 4, 5, 6, 7, 8, 9, 10, 11, 12, 13, 14, 15, 16, 17, 18, 19, 20, 21, 22, 23, 24, 25, 26, 27, 28, 29, 30, 31, 32, 33, 34, 35, 49, 50, 51, 52, 53, 54, 55, 56, 57, 58, 59, 60, 61, 62, 63, 64, 65, 66, 67, 68, 69, 70, 71, 72, 73, 74, 75, 76, 77, 78, 79
  #1055: 40, 41
  #2102: 166, 167, 168, 169
  #2838: 46
  #26994: 45
  #127035: 80
  #155254: 43
  #252302: 88, 89, 90
  #328441: 47
  #617383: 91, 92, 93, 94, 95, 96, 97, 98, 99, 100, 101, 102, 103, 104, 105, 106, 107, 108, 109, 110, 111, 112, 113, 114, 115, 116, 117, 118, 119, 120, 121, 122, 123, 124, 125, 126, 127, 128, 129, 130, 131, 132, 133, 134, 135
  #1111063: 144, 145, 146, 147, 148, 149, 150, 151, 152, 153, 154
  #1502678: 155, 156, 157, 158, 159, 160, 161, 162, 163, 164, 165
  #1678677: 87
  #2626257: 42
  #2678947: 81, 82
  #3061610: 36
  #4119239: 37
  #5737229: 136, 137
  #7395563: 44
  #7725202: 38
  #8840229: 83, 84, 85
  #10470991: 86, 138, 139, 140, 141, 142, 143

.Ball
  #-1: 31
  #0: 1, 2, 3, 4, 5, 6, 7, 8, 9, 10, 11, 12, 13, 14, 15, 16, 17, 18, 19, 20, 21, 22, 23, 24, 25, 26, 27, 28, 29, 39, 40, 41, 42, 43, 44, 45, 46, 47, 48, 49, 50, 51, 52, 53, 115, 116, 117
  #2829: 35, 36
  #101834: 62
  #127035: 66, 67
  #137794: 37
  #617383: 69, 73, 74, 75, 76, 77, 78, 79, 80, 81, 82, 83, 84, 85, 86, 87, 88, 89, 90, 91, 92, 118
  #820393: 32
  #1111063: 111, 112, 113
  #1275405: 68
  #1502678: 93, 94, 95, 96, 97, 98, 99, 100, 101, 102, 103, 104, 105, 106, 107, 108, 109
  #2117373: 34
  #3006276: 38
  #4669292: 33
  #5568086: 65
  #5794524: 30
  #6046266: 110
  #6615856: 63
  #8385005: 56, 57, 58, 59
  #8840229: 70, 71, 72
  #10470991: 114
  #11334262: 54, 55
  #12285856: 60, 61
  #13296775: 64

.Swing
  #0: 1, 3
  #1055: 42, 43
  #617383: 14, 15, 16, 17, 18, 19, 20, 21, 22, 23, 34, 35, 36, 37, 38, 39, 40
  #1111063: 24, 25, 26, 27, 28, 29, 30, 31
  #1502678: 32, 33
  #2678947: 7, 8
  #5568086: 6
  #6046266: 10
  #7725202: 41
  #8840229: 9
  #9431154: 11, 12, 13
  #12285856: 2, 4, 5

.Bird
  #0: 1, 2, 3, 4, 5, 6, 7, 8, 9, 10, 11, 12, 13, 14, 15, 16, 17, 18, 19, 20, 21, 22, 23, 24, 25, 26, 27, 28, 36, 37, 38, 39, 40, 41, 42, 43, 44, 45, 46, 47, 48, 49, 50, 51
  #1055: 32
  #2102: 148
  #135919: 31
  #328441: 33, 34, 35
  #617383: 59, 60, 61, 62, 63, 64, 65, 66, 67, 68, 69, 70, 71, 72, 73, 74, 75, 76, 77, 78, 79, 80, 81, 82, 83, 84, 85, 86, 87, 88, 89, 90, 91, 92, 93, 94, 147, 149
  #1111063: 100, 101, 102, 103, 104, 105, 106, 107, 108, 109, 110, 111, 112, 113, 114, 115
  #1502678: 116, 117, 118, 119, 120, 121, 122, 123, 124, 125, 126, 127, 128, 129, 130, 131, 132, 133, 134, 135, 136, 137
  #2168397: 29
  #2678947: 57, 138, 139
  #4861064: 140, 141
  #5737229: 58, 95, 96, 97
  #6051650: 30
  #8840229: 142, 143, 144, 145, 146
  #10470991: 98, 99
  #12285856: 52, 53, 54, 55, 56

.Dart
  #0: 1, 2, 3, 4, 5, 6, 7, 8, 9, 10, 11, 12, 13, 14, 15, 16, 17, 18, 19, 20, 21, 22, 23, 34, 35, 47
  #2102: 95, 96
  #2838: 29
  #328441: 31
  #617383: 48, 49, 50, 51, 52, 53, 54, 55, 56, 57, 58, 59, 60, 61, 62, 63, 64, 65, 66, 67, 68, 69, 70, 71, 72
  #992231: 24
  #1111063: 77, 78, 79, 80, 81, 82, 83, 84, 85, 86, 87, 88, 89, 90
  #1290979: 28
  #1301742: 42
  #1502678: 91, 92, 93
  #1632845: 33
  #1788388: 37
  #2565154: 25
  #2678947: 44
  #2816040: 41
  #3768957: 30
  #3828686: 43
  #4861064: 46, 94
  #5185839: 32
  #5737229: 73
  #6109127: 26
  #6667073: 27
  #8840229: 45
  #10470991: 74, 75, 76
  #11334262: 36
  #12285856: 38, 39, 40

.Robot
  #0: 1, 2, 3, 4, 5, 6, 7, 8, 9, 10, 11, 12, 13, 14, 15, 16, 17, 26
  #1055: 20
  #2829: 21
  #24316: 19
  #252302: 29
  #328441: 22, 23
  #617383: 30, 31, 32, 33, 34, 35, 36, 37, 38, 39, 40, 41, 42, 43, 44, 45, 46, 47, 48, 49, 50, 51, 52, 53, 54, 55, 56, 57, 58, 59
  #756232: 25
  #1111063: 60, 61, 62, 63, 64
  #1502678: 65
  #1584303: 24
  #3676830: 18
  #8840229: 66, 67, 68
  #12285856: 27, 28

.Jetpack
  #0: 1
  #617383: 2, 4
  #1093804: 3, 5
